1.099106436605600038e+03
1.311106211903928397e+03
1.512131041772516710e+03
1.690732730383386752e+03
1.871824029673384302e+03
2.057788947055305471e+03
2.246971952027918633e+03
2.438792065491230005e+03
2.635661216589974174e+03
2.836925976491459096e+03
3.040996257995119322e+03
3.247911168550583625e+03
3.460707920468138127e+03
3.678036848676424142e+03
3.898395224281057381e+03
4.121825276135825334e+03
4.348369821741811393e+03
4.569717573467264629e+03
4.793010497208348170e+03
5.019416003209112205e+03
5.248977479178225622e+03
5.481738917625491922e+03
5.717744924292466749e+03
5.963796420269809460e+03
6.215107568279777297e+03
6.469921857400759109e+03
6.728288119519999782e+03
6.990255867214778846e+03
7.255875303240838548e+03
7.525197330153118855e+03
7.683651968346928697e+03
7.797208323468848903e+03
7.912347592596749564e+03
8.029091840693425183e+03
8.147463440295276087e+03
8.267485075799733750e+03
8.389179747812426285e+03
8.512570777554947199e+03
8.637681811334075974e+03
8.764536825073297223e+03
8.893160128907418766e+03
9.023576371841390937e+03
9.155810546473912837e+03
9.289887993786951483e+03
9.425834408002021519e+03
9.563675841504149503e+03
9.703438709834481415e+03
9.845149796752502880e+03
9.988836259368716128e+03
1.021974122611293205e+04
1.048132307672388924e+04
1.074655123647006076e+04
1.101547653292331233e+04
1.128815050216428426e+04
1.156462539865864892e+04
1.184495420527101669e+04
1.212919064341828016e+04
1.241738918336487768e+04
1.270960505466113500e+04
1.300589425672737889e+04
1.330707431631883446e+04
1.361419606296551683e+04
1.392559892020074039e+04
1.424134256438436023e+04
1.456148750373236726e+04
1.488609508991232724e+04
1.521522752980092264e+04
1.554894789740490705e+04
1.588732014594849352e+04
1.623040912012914669e+04
1.657828056854425085e+04
1.693100115629097490e+04
1.728863847774180249e+04
1.765142019837659245e+04
1.801935018019133349e+04
1.839240890641505757e+04
1.877066786896337362e+04
1.915419955631043194e+04
1.954307746738039350e+04
1.993737612563257790e+04
2.033717109334288762e+04
2.074253898608444797e+04
2.115355748740975105e+04
2.157030536373802897e+04
2.199286247944966090e+04
2.242130981219113892e+04
2.285572946839346696e+04
2.329648223160692214e+04
2.374347010035145286e+04
2.419668873757378606e+04
2.465622499680726833e+04
2.512216694227659536e+04
2.559460386577393365e+04
2.607362630377061942e+04
2.655932605476726167e+04
2.705179619688582898e+04
2.755113110570680146e+04
2.805742647235507320e+04
2.857077932183801749e+04
2.909128803163874181e+04
2.961905235056935271e+04
3.015417341788622798e+04
3.069755042575520565e+04
3.124872565263200522e+04
3.180758396325552167e+04
3.237423245564645549e+04
3.294877972071384283e+04
3.353133586306517827e+04
3.412201252210621897e+04
3.472092289343573793e+04
3.532818175053770392e+04
3.594390546677618840e+04
3.656821203769685235e+04
3.720122110363927641e+04
3.784305397266457294e+04
3.849383364380215062e+04
3.915368483062149608e+04
3.982273398513151187e+04
4.049718924007160240e+04
4.118048881639786123e+04
4.187331321824788756e+04
4.257579521652391122e+04
4.328806943288254843e+04
4.401027236553341936e+04
4.474254241539684881e+04
4.548501991262724187e+04
4.623784714350512513e+04
4.700116837770463462e+04
4.777512989594091778e+04
4.855988001800296479e+04
4.935556913117718796e+04
5.016234971906717692e+04
5.098037639081544330e+04
5.180980591073166579e+04
5.265095786644380132e+04
5.350676730508375476e+04
5.437450626317175193e+04
5.525434103173920448e+04
5.614644021982437698e+04
5.705097478678400512e+04
5.796811807505560864e+04
5.889804584337639972e+04
5.984093630046462931e+04
6.079697013917187724e+04
6.176633057110993104e+04
6.274920336176108685e+04
6.374577686607774376e+04
6.475624206457810942e+04
6.578079259994548920e+04
6.681962481413666683e+04
6.787293778600929363e+04
6.894093336947218631e+04
7.002314765115131740e+04
7.112003759747896402e+04
7.223221759478790045e+04
7.335990077809662034e+04
7.450330325341020944e+04
7.566264413913444150e+04
7.683814560806629015e+04
7.803003292997153767e+04
7.923853451475422480e+04
8.046388195622849162e+04
8.170631007650072570e+04
8.296605697097007942e+04
8.424336405395646580e+04
8.553847610496451671e+04
8.685164131559252564e+04
8.818311133709456772e+04
8.953314132860726386e+04
9.090199000604702451e+04
9.229106653601869766e+04
9.370019781105103903e+04
9.512897161185064761e+04
9.657766174457424495e+04
9.804654583208715485e+04
9.953590536716830684e+04
1.010460257664517703e+05
1.025771964251256577e+05
1.041297107723897789e+05
1.057038663276878506e+05
1.072999647577233409e+05
1.089183119342699065e+05
1.105592179927881225e+05
1.122229973918576870e+05
1.139099689734420826e+05
1.156204560239871644e+05
1.173547863363774522e+05
1.191132922727522964e+05
1.208962803663581144e+05
1.227040089498170128e+05
1.245369362893534562e+05
1.263954136419615243e+05
1.282797971609664673e+05
1.301904479642786318e+05
1.321277322035958059e+05
1.340920211345719581e+05
1.360836911879635009e+05
1.381031240417674417e+05
1.401507066943653626e+05
1.422268315386852191e+05
1.443318964374017378e+05
1.464663047991773637e+05
1.486304656559737341e+05
1.508247937414358894e+05
1.530497095703711093e+05
1.553056395193348289e+05
1.575930159083405742e+05
1.599127690478963195e+05
1.622654686034068000e+05
1.646509635147946537e+05
1.670697109315341222e+05
1.695221743755164498e+05
1.720088238298763463e+05
1.745301358290586213e+05
1.770865935501396598e+05
1.796786869054223644e+05
1.823069126363218529e+05
1.849717744085579470e+05
1.876737829086786078e+05
1.904134559419250290e+05
1.931913185314624570e+05
1.960079030189945479e+05
1.988637491667795111e+05
2.017594042610685865e+05
2.046954232169868192e+05
2.076723686848753714e+05
2.106879150455562340e+05
2.137414005799811566e+05
2.168374500467752514e+05
2.199766567640723661e+05
2.231596223205392598e+05
2.263869566906623950e+05
2.296592783516423660e+05
2.329772144019145344e+05
2.363414006813298038e+05
2.397524818929982139e+05
2.432111117268437229e+05
2.467179529848726525e+05
2.502736777081917680e+05
2.538789673057966284e+05
2.575345126851544483e+05
2.612410143846084829e+05
2.649991827076243353e+05
2.688097378589166328e+05
2.726734100824591587e+05
2.765921558551831404e+05
2.805738044910740573e+05
2.846109551496028434e+05
2.887043814988649101e+05
2.928548679914695094e+05
2.970632100148702157e+05
3.013302140437887283e+05
3.056566977947685518e+05
3.100434903828780516e+05
3.144914324805997312e+05
3.190013764789348352e+05
3.235741866507526138e+05
3.282107393164176028e+05
3.329119230117248371e+05
3.376786386581773986e+05
3.425117997356330161e+05
3.474123324573657592e+05
3.523811759475594154e+05
3.574192824212798732e+05
3.625276173669542768e+05
3.677005784116417635e+05
3.729431254916501930e+05
3.782587508347895928e+05
3.836484731124189566e+05
3.891133251956181484e+05
3.946543543531327159e+05
4.002726224520660471e+05
4.059692061613729456e+05
4.117451971581894904e+05
4.176017023370389943e+05
4.235398440219551558e+05
4.295607601815561065e+05
4.356656046471322770e+05
4.418555473337496514e+05
4.481317744644595659e+05
4.544954887976185419e+05
4.609479098573822994e+05
4.674902741674117860e+05
4.741238354878371465e+05
4.808508337860792526e+05
4.876767804745059111e+05
4.945978771578895976e+05
5.016154501755581587e+05
5.087308443552894751e+05
5.159454232710323995e+05
5.232605695042163716e+05
5.306776849087073933e+05
5.381981908794498304e+05
5.458235286248704651e+05
5.535551594430521363e+05
5.613945650017848238e+05
5.693432476225028513e+05
5.774027305681867292e+05
5.855745583352767862e+05
5.938602969496558653e+05
6.022615342667598743e+05
6.107798802758632228e+05
6.194169674086265732e+05
6.281744508519135416e+05
6.370547368550243555e+05
6.460595008363408269e+05
6.551897863440507790e+05
6.644473430801588111e+05
6.738339451365664136e+05
6.833513913350554649e+05
6.930015055720038945e+05
7.027861371679198928e+05
7.127071612218356458e+05
7.227664789706463926e+05
7.329660181534589501e+05
7.433077333810178097e+05
7.537936065102813300e+05
7.644256470242184587e+05
7.752058924169033999e+05
7.861364085839673644e+05
7.972192902185108978e+05
8.084566612125197425e+05
8.198506750638809754e+05
8.314035152890749741e+05
8.431111085360564757e+05
8.549802960081208730e+05
8.670149335165885277e+05
8.792173273452467984e+05
8.915898159262149129e+05
9.041347702880955767e+05
9.168545945103419945e+05
9.297517261839717394e+05
9.428286368786984822e+05
9.560878326165783219e+05
9.695318543522562832e+05
9.831632784599007573e+05
9.969847172269516159e+05
1.010998819354705396e+06
1.025208270465926267e+06
1.039615793619501055e+06
1.054224149832280818e+06
1.069036138608196285e+06
1.084054598474736558e+06
1.099282487811877392e+06
1.114729608641315717e+06
1.130392053957765456e+06
1.146272825267793145e+06
1.162374965917348163e+06
1.178701561674969271e+06
1.195255741323134862e+06
1.212040677257858217e+06
1.229059586096620886e+06
1.246315729294826277e+06
1.263812413770776708e+06
1.281552992539442610e+06
1.299540865354986861e+06
1.317779479362312239e+06
1.336272329757648520e+06
1.355022960458366200e+06
1.374034964782124385e+06
1.393311986135469982e+06
1.412857718712082598e+06
1.432675908200676320e+06
1.452769620739259990e+06
1.473140314051350811e+06
1.493794963780681603e+06
1.514737528125712648e+06
1.535972020460043103e+06
1.557502510101527441e+06
1.579333123092091177e+06
1.601468042988469126e+06
1.623911511663885321e+06
1.646667830120988889e+06
1.669741359316071030e+06
1.693136520994787803e+06
1.716857798539534910e+06
1.740909737828613725e+06
1.765296948107428616e+06
1.790024102871736279e+06
1.815095940763318678e+06
1.840517266478029080e+06
1.866292951686589513e+06
1.892427935968165984e+06
1.918927605736902216e+06
1.945797424494299106e+06
1.973041793952999869e+06
2.000665935146667995e+06
2.028675141887313686e+06
2.057074781779847341e+06
2.085870297250651987e+06
2.115067206590600312e+06
2.144671105012542102e+06
2.174687665723560378e+06
2.205122641012172215e+06
2.235981863350658678e+06
2.267271246512834914e+06
2.298996786707281135e+06
2.331164563726493623e+06
2.363780742111973464e+06
2.396851572335587814e+06
2.430383391997396015e+06
2.464382627040145453e+06
2.498855792980775237e+06
2.533818200669072103e+06
2.569278539199327584e+06
2.605233175617672037e+06
2.641689000168600120e+06
2.678652999142873567e+06
2.716132256216358859e+06
2.754133953807526268e+06
2.792665374453844503e+06
2.831733902207442094e+06
2.871347024050085340e+06
2.911512331328052096e+06
2.952237521206828766e+06
2.993530398146239109e+06
3.035398875396037940e+06
3.077850976512388792e+06
3.120894836895484477e+06
3.164538705348558724e+06
3.208790945658734068e+06
3.253660038199735805e+06
3.299154581557155587e+06
3.345269711520648096e+06
3.392017032142458018e+06
3.439415985061508138e+06
3.487475653678627685e+06
3.536205248012330849e+06
3.585614106463768054e+06
3.635711697606389411e+06
3.686507622000368778e+06
3.738011614032515790e+06
3.790233543781703804e+06
3.843183418910352048e+06
3.896871386582275853e+06
3.951307735407219268e+06
4.006502897412621416e+06
4.062467450042662676e+06
4.119212118185423315e+06
4.176747776228050701e+06
4.235085450140782632e+06
4.294236319589896128e+06
4.354211720080153085e+06
4.415014517533372156e+06
4.476660119648398831e+06
4.539165028024995700e+06
4.602541220926387236e+06
4.666800843586367555e+06
4.731956210536637343e+06
4.798019807966828346e+06
4.865004296117275022e+06
4.932922511705196463e+06
5.001787470384697430e+06
5.071612369241001084e+06
5.142410589319613762e+06
5.214195698190487921e+06
5.286981452548185363e+06
5.360781800848114304e+06
5.435610885979592800e+06
5.511483047976142727e+06
5.588412826763575897e+06
5.666414964946397580e+06
5.745504410632978193e+06
5.825708340063053183e+06
5.907035077289828099e+06
5.989495465128044598e+06
6.073105306052422151e+06
6.157880622815601528e+06
6.243837661518722773e+06
6.330992894724714570e+06
6.419363024615187198e+06
6.508964986191001721e+06
6.599815950517851859e+06
6.691933328016683459e+06
6.785334771800317802e+06
6.880038181056385860e+06
6.976061704477484338e+06
7.073423743739158846e+06
7.172142957026271150e+06
7.272238262608766556e+06
7.373728842466896400e+06
7.476634145967429504e+06
7.580973893590655178e+06
7.686768080709725618e+06
7.794036981422433630e+06
7.902801152436502278e+06
8.013081437009026296e+06
8.124898968940734863e+06
8.238275176626194268e+06
8.353231787160053849e+06
8.469790830500945449e+06
8.587974643693158403e+06
8.707805875147270039e+06
8.829307488980432972e+06
8.952502769417064264e+06
9.077415325251176953e+06
9.204069094370413572e+06
9.332488348343741149e+06
9.462697697072502226e+06
9.594722093506798148e+06
